pattern_cols: 8
pattern_rows: 6
square_size_mm: 29

R_gimbal2imubody: [-1, 0, 0, 0, -1, 0, 0, 0, 1]
#ROS格式相机参数文件路径
camera_params_path: "configs/camera_info.yaml"
# camera_name: "hikrobot"
# exposure_ms: 15
# gain: 10.0
# vid_pid: "2bdf:0001"
camera_name: "mindvision"
exposure_ms: 10
gamma: 0.5
vid_pid: "f622:d13a"

com_port: "/dev/gimbal"

#####-----cboard参数-----#####
quaternion_canid: 0x01
bullet_speed_canid: 0x110
send_canid: 0xff
can_interface: "can0"

# camera_matrix: [1903.33595, 0, 574.14733, 0, 1936.40478, 230.08993, 0, 0, 1]
# distort_coeffs: [0.245050, -0.755077, -0.071354, -0.016195, 0.000000]
camera_matrix: [1730.8906456168031, 0, 620.16460879196325, 0, 1727.9351756122312, 494.82059041844207, 0, 0, 1]
distort_coeffs: [-0.055649643225317645, 0.30121168572088552, -0.0028352194676944577, -0.0038000029856642501, 0]

# 相机同理想情况的偏角: yaw-84.32 pitch68.16 roll3.57 degree
R_camera2gimbal: [0.99887908863098296, 0.029709876306243773, 0.03684955285488211, -0.041262915318102007, 0.92798495412084214, 0.37032593312484818, -0.023193492949277777, -0.3714313505551276, 0.92817068134562708]
t_camera2gimbal: [-0.0072332836665166475, -0.16930206575085011, -0.59362928820844496]
#R_camera2gimbal: [-0.0083195760046954614, 0.010498791137270739, 0.99991027599468041, -0.99960756138647755, -0.026835747568381807, -0.0080352891314148939, 0.026748978935305992, -0.99958472279097077, 0.010717933047771133]
#t_camera2gimbal: [0.094969301833534511, 0.095006290298006682, 0.050987066291756609]
